1 0.5886718750000001 0.7243055555555555 0.15234375 0.30972222222222223
8 0.20546875 0.2951388888888889 0.06406250000000001 0.11527777777777778
0 0.185546875 0.5340277777777778 0.041406250000000006 0.07361111111111111
6 0.6863281250000001 0.35625 0.06484375 0.15416666666666667
4 0.46210937500000004 0.7979166666666667 0.039843750000000004 0.1875
5 0.291015625 0.8361111111111111 0.09921875000000001 0.17777777777777778
7 0.63203125 0.5694444444444444 0.029687500000000002 0.11666666666666667
7 0.718359375 0.5527777777777778 0.049218750000000006 0.09444444444444444
3 0.201171875 0.6097222222222223 0.09921875000000001 0.7444444444444445
3 0.6863281250000001 0.5645833333333333 0.13515625 0.5680555555555555
