1 0.598046875 0.7381944444444445 0.17265625 0.28750000000000003
8 0.21015625000000002 0.2888888888888889 0.065625 0.11666666666666667
0 0.185546875 0.5340277777777778 0.039843750000000004 0.07361111111111111
6 0.704296875 0.3840277777777778 0.07265625 0.13472222222222222
4 0.46210937500000004 0.7972222222222223 0.047656250000000004 0.18888888888888888
5 0.288671875 0.8298611111111112 0.10234375000000001 0.16805555555555557
7 0.65625 0.5972222222222222 0.029687500000000002 0.11111111111111112
7 0.76328125 0.5847222222222223 0.029687500000000002 0.11388888888888889
3 0.2015625 0.6055555555555556 0.09375 0.7361111111111112
3 0.70859375 0.5840277777777778 0.1328125 0.5319444444444444
