1 0.7039062500000001 0.8604166666666667 0.19687500000000002 0.09861111111111112
8 0.6589843750000001 0.325 0.05234375 0.11111111111111112
0 0.6136718750000001 0.49375 0.02421875 0.04861111111111111
6 0.41054687500000003 0.3284722222222222 0.07109375 0.14305555555555557
4 0.46640625 0.8083333333333333 0.034375 0.18888888888888888
5 0.291015625 0.8347222222222223 0.09921875000000001 0.17777777777777778
7 0.3640625 0.5784722222222223 0.0390625 0.12361111111111112
7 0.46875 0.5395833333333333 0.037500000000000006 0.10972222222222222
3 0.65625 0.5555555555555556 0.1125 0.5555555555555556
3 0.413671875 0.5680555555555555 0.13828125 0.6194444444444445
