1 0.8890625000000001 0.8555555555555556 0.1765625 0.09166666666666667
8 0.8070312500000001 0.4215277777777778 0.051562500000000004 0.08750000000000001
0 0.7894531250000001 0.6041666666666667 0.030468750000000003 0.05
6 0.378515625 0.3680555555555556 0.06640625 0.14444444444444446
4 0.4 0.8145833333333333 0.026562500000000003 0.17083333333333334
5 0.75546875 0.8388888888888889 0.096875 0.17500000000000002
7 0.370703125 0.6618055555555555 0.039843750000000004 0.12638888888888888
7 0.447265625 0.5597222222222222 0.049218750000000006 0.10833333333333334
3 0.7972656250000001 0.5944444444444444 0.09609375 0.43333333333333335
3 0.409765625 0.5902777777777778 0.16015625 0.5722222222222223
