1 0.69921875 0.8562500000000001 0.19843750000000002 0.10138888888888889
8 0.659375 0.3194444444444445 0.051562500000000004 0.07777777777777778
0 0.6160156250000001 0.5006944444444444 0.025781250000000002 0.04027777777777778
6 0.45429687500000004 0.35833333333333334 0.06484375 0.13611111111111113
4 0.46953125 0.8118055555555556 0.03125 0.18194444444444446
5 0.29335937500000003 0.8368055555555556 0.10703125000000001 0.1875
7 0.428515625 0.5979166666666667 0.049218750000000006 0.12916666666666668
7 0.474609375 0.5576388888888889 0.022656250000000003 0.12361111111111112
3 0.6550781250000001 0.5625 0.11328125 0.5638888888888889
3 0.43593750000000003 0.5881944444444445 0.115625 0.6013888888888889
