1 0.5984375000000001 0.7368055555555556 0.1703125 0.2986111111111111
8 0.208984375 0.2888888888888889 0.06953125 0.10555555555555556
0 0.18984375 0.5347222222222222 0.0421875 0.07777777777777778
6 0.705078125 0.3770833333333333 0.06953125 0.14583333333333334
4 0.459765625 0.7993055555555556 0.04453125 0.18472222222222223
5 0.290625 0.8340277777777778 0.10312500000000001 0.17916666666666667
7 0.6550781250000001 0.5895833333333333 0.030468750000000003 0.10972222222222222
7 0.761328125 0.5729166666666667 0.030468750000000003 0.10416666666666667
3 0.20546875 0.6145833333333334 0.10312500000000001 0.7430555555555556
3 0.7078125000000001 0.5777777777777778 0.1375 0.5444444444444445
