1 0.8890625000000001 0.8562500000000001 0.1765625 0.08472222222222223
8 0.8402343750000001 0.5243055555555556 0.04453125 0.09583333333333334
0 0.8167968750000001 0.7076388888888889 0.02890625 0.05416666666666667
6 0.39101562500000003 0.39166666666666666 0.05859375 0.14166666666666666
4 0.40234375 0.8194444444444445 0.028125 0.1638888888888889
5 0.755859375 0.8416666666666667 0.09609375 0.17500000000000002
7 0.40703125 0.5618055555555556 0.0234375 0.10416666666666667
7 0.37578125 0.6708333333333334 0.0421875 0.13055555555555556
3 0.8187500000000001 0.6493055555555556 0.1046875 0.33472222222222225
3 0.37265625 0.5972222222222222 0.09843750000000001 0.5555555555555556
