1 0.892578125 0.8625 0.17109375000000002 0.08611111111111111
8 0.8 0.41111111111111115 0.0421875 0.08888888888888889
0 0.779296875 0.5979166666666667 0.032031250000000004 0.05694444444444444
6 0.38007812500000004 0.37777777777777777 0.06796875000000001 0.13333333333333333
4 0.40156250000000004 0.8131944444444444 0.03125 0.1763888888888889
5 0.753125 0.8402777777777778 0.096875 0.18055555555555555
7 0.37421875000000004 0.6673611111111112 0.053125000000000006 0.12083333333333333
7 0.45351562500000003 0.5611111111111111 0.049218750000000006 0.11944444444444445
3 0.790625 0.5659722222222222 0.09531250000000001 0.39861111111111114
3 0.41484375 0.5944444444444444 0.1609375 0.5666666666666667
