1 0.702734375 0.8611111111111112 0.19609375 0.10833333333333334
8 0.658203125 0.325 0.04609375 0.09444444444444444
0 0.6140625000000001 0.49583333333333335 0.028125 0.04722222222222222
6 0.427734375 0.3298611111111111 0.06640625 0.12916666666666668
4 0.467578125 0.8111111111111111 0.030468750000000003 0.18055555555555555
5 0.294140625 0.8347222222222223 0.10390625 0.17222222222222222
7 0.39570312500000004 0.5625 0.06015625 0.11111111111111112
7 0.472265625 0.5472222222222223 0.03828125 0.11388888888888889
3 0.65625 0.55625 0.11406250000000001 0.5597222222222222
3 0.4265625 0.5756944444444445 0.1328125 0.6208333333333333
