1 0.6003906250000001 0.7743055555555556 0.19609375 0.20972222222222223
8 0.21054687500000002 0.2951388888888889 0.06953125 0.11527777777777778
0 0.18671875000000002 0.53125 0.043750000000000004 0.07083333333333333
6 0.720703125 0.45972222222222225 0.057031250000000006 0.14166666666666666
4 0.459765625 0.7979166666666667 0.04453125 0.1902777777777778
5 0.292578125 0.8354166666666667 0.10390625 0.17916666666666667
7 0.676953125 0.6743055555555556 0.022656250000000003 0.09027777777777778
7 0.7816406250000001 0.6458333333333334 0.02734375 0.11666666666666667
3 0.20429687500000002 0.607638888888889 0.10390625 0.7402777777777778
3 0.728125 0.6270833333333333 0.13125 0.4625
