1 0.7000000000000001 0.8611111111111112 0.19687500000000002 0.09722222222222222
8 0.6585937500000001 0.3284722222222222 0.051562500000000004 0.11527777777777778
0 0.6125 0.4986111111111111 0.028125 0.04722222222222222
6 0.41718750000000004 0.33125 0.0625 0.14305555555555557
4 0.46875 0.81875 0.029687500000000002 0.17083333333333334
5 0.290625 0.8395833333333333 0.09843750000000001 0.17916666666666667
7 0.37421875000000004 0.5750000000000001 0.05 0.125
7 0.46992187500000004 0.5395833333333333 0.039843750000000004 0.11527777777777778
3 0.6566406250000001 0.5493055555555556 0.11328125 0.5430555555555556
3 0.41875 0.5729166666666667 0.1390625 0.6263888888888889
