1 0.594921875 0.7472222222222222 0.18671875000000002 0.26666666666666666
8 0.208984375 0.29097222222222224 0.07109375 0.10694444444444445
0 0.18671875000000002 0.5354166666666667 0.037500000000000006 0.0763888888888889
6 0.712109375 0.40555555555555556 0.05859375 0.14166666666666666
4 0.459765625 0.8034722222222223 0.04296875 0.18194444444444446
5 0.291015625 0.8361111111111111 0.09765625 0.18611111111111112
7 0.6625000000000001 0.6194444444444445 0.03125 0.1
7 0.7703125000000001 0.6020833333333333 0.03125 0.11527777777777778
3 0.20468750000000002 0.6055555555555556 0.0921875 0.7444444444444445
3 0.7152343750000001 0.5916666666666667 0.12734375 0.5027777777777778
