1 0.591015625 0.725 0.15546875000000002 0.3138888888888889
8 0.205859375 0.2902777777777778 0.06328125 0.13333333333333333
0 0.18515625000000002 0.5361111111111111 0.0390625 0.07222222222222223
6 0.684765625 0.3513888888888889 0.06484375 0.14444444444444446
4 0.46171875 0.7972222222222223 0.040625 0.18888888888888888
5 0.29140625000000003 0.8326388888888889 0.10312500000000001 0.1763888888888889
7 0.630859375 0.5659722222222222 0.030468750000000003 0.11527777777777778
7 0.722265625 0.5506944444444445 0.047656250000000004 0.1125
3 0.19843750000000002 0.6020833333333333 0.09843750000000001 0.7458333333333333
3 0.6839843750000001 0.5618055555555556 0.13359375 0.5597222222222222
