8 0.701171875 0.3375 0.04609375 0.08888888888888889
0 0.646484375 0.45555555555555555 0.025781250000000002 0.03888888888888889
6 0.6101562500000001 0.36597222222222225 0.08125 0.12638888888888888
4 0.401953125 0.8069444444444445 0.030468750000000003 0.18333333333333335
5 0.7546875000000001 0.84375 0.1 0.17083333333333334
7 0.5808593750000001 0.6270833333333333 0.05390625 0.12638888888888888
7 0.6433593750000001 0.5909722222222222 0.04609375 0.1375
3 0.6023437500000001 0.5958333333333333 0.12187500000000001 0.6027777777777777
3 0.6828125 0.5652777777777778 0.09062500000000001 0.5361111111111111
1 0.6824218750000001 0.6736111111111112 0.03828125 0.3027777777777778
