6 0.40664062500000003 0.33194444444444443 0.07109375 0.16944444444444445
7 0.36054687500000004 0.5895833333333333 0.041406250000000006 0.13472222222222222
7 0.46523437500000003 0.5340277777777778 0.039843750000000004 0.10416666666666667
4 0.46992187500000004 0.8131944444444444 0.03671875 0.18472222222222223
5 0.29140625000000003 0.8361111111111111 0.1046875 0.18055555555555555
8 0.661328125 0.32430555555555557 0.057031250000000006 0.10138888888888889
0 0.615234375 0.49236111111111114 0.02890625 0.05416666666666667
1 0.697265625 0.8562500000000001 0.19609375 0.08194444444444444
3 0.6589843750000001 0.5555555555555556 0.11484375000000001 0.5694444444444444
3 0.413671875 0.5659722222222222 0.13984375000000002 0.6125
