1 0.59296875 0.725 0.1625 0.30833333333333335
8 0.205859375 0.28750000000000003 0.06328125 0.10555555555555556
0 0.18671875000000002 0.5326388888888889 0.0421875 0.0763888888888889
6 0.692578125 0.3493055555555556 0.06484375 0.12916666666666668
4 0.45937500000000003 0.7986111111111112 0.0390625 0.18611111111111112
5 0.291015625 0.8354166666666667 0.10234375000000001 0.1763888888888889
7 0.6394531250000001 0.5701388888888889 0.030468750000000003 0.11805555555555557
7 0.7367187500000001 0.55 0.037500000000000006 0.10277777777777779
3 0.20078125000000002 0.6 0.09843750000000001 0.7666666666666667
3 0.6917968750000001 0.5722222222222223 0.14296875 0.5638888888888889
