1 0.892578125 0.8604166666666667 0.17109375000000002 0.09027777777777778
8 0.82578125 0.4826388888888889 0.046875 0.09861111111111112
0 0.808203125 0.6618055555555555 0.032031250000000004 0.051388888888888894
6 0.38359375 0.3611111111111111 0.07187500000000001 0.14166666666666666
4 0.3984375 0.8166666666666667 0.03125 0.16944444444444445
5 0.7542968750000001 0.8451388888888889 0.09765625 0.18194444444444446
7 0.37226562500000004 0.6611111111111111 0.05234375 0.12222222222222223
7 0.42617187500000003 0.5506944444444445 0.03828125 0.12083333333333333
3 0.8089843750000001 0.6263888888888889 0.10078125 0.37777777777777777
3 0.388671875 0.5875 0.11015625000000001 0.5722222222222223
