1 0.704296875 0.8562500000000001 0.20078125000000002 0.09583333333333334
8 0.661328125 0.325 0.05390625 0.09722222222222222
0 0.61328125 0.4902777777777778 0.026562500000000003 0.04722222222222222
6 0.412109375 0.33055555555555555 0.06953125 0.14166666666666666
4 0.46953125 0.8118055555555556 0.034375 0.18472222222222223
5 0.29140625000000003 0.8361111111111111 0.1046875 0.17222222222222222
7 0.36796875 0.5770833333333334 0.045312500000000006 0.12361111111111112
7 0.468359375 0.5409722222222222 0.039843750000000004 0.10416666666666667
3 0.65625 0.5506944444444445 0.109375 0.5597222222222222
3 0.41796875 0.56875 0.14375000000000002 0.6152777777777778
