1 0.8933593750000001 0.8611111111111112 0.17421875 0.08888888888888889
8 0.7890625 0.3902777777777778 0.040625 0.09166666666666667
0 0.76875 0.576388888888889 0.026562500000000003 0.05
6 0.385546875 0.39513888888888893 0.06484375 0.15694444444444444
4 0.40273437500000003 0.8180555555555555 0.030468750000000003 0.17222222222222222
5 0.755078125 0.84375 0.10390625 0.17916666666666667
7 0.376953125 0.6743055555555556 0.04296875 0.10416666666666667
7 0.45937500000000003 0.5680555555555555 0.046875 0.125
3 0.41640625000000003 0.6006944444444444 0.1546875 0.5652777777777778
3 0.7800781250000001 0.5541666666666667 0.08515625 0.41944444444444445
