1 0.890625 0.8569444444444445 0.1796875 0.08611111111111111
8 0.831640625 0.5104166666666667 0.05078125 0.10416666666666667
0 0.810546875 0.6881944444444444 0.02734375 0.051388888888888894
6 0.3828125 0.3680555555555556 0.0625 0.1388888888888889
4 0.40234375 0.8166666666666667 0.028125 0.17500000000000002
5 0.75546875 0.8416666666666667 0.09531250000000001 0.17777777777777778
7 0.373828125 0.6645833333333333 0.03671875 0.13472222222222222
7 0.416015625 0.5513888888888889 0.03671875 0.12222222222222223
3 0.8140625 0.6361111111111112 0.10312500000000001 0.3527777777777778
3 0.382421875 0.5930555555555556 0.10703125000000001 0.5777777777777778
