1 0.5609375 0.6520833333333333 0.040625 0.28750000000000003
8 0.659375 0.3263888888888889 0.0546875 0.08611111111111111
0 0.6039062500000001 0.44722222222222224 0.021875000000000002 0.03888888888888889
6 0.665625 0.4340277777777778 0.060937500000000006 0.13472222222222222
4 0.40390625 0.80625 0.0328125 0.1875
5 0.7585937500000001 0.8451388888888889 0.10625000000000001 0.18194444444444446
7 0.662109375 0.6833333333333333 0.057031250000000006 0.13055555555555556
7 0.7132812500000001 0.638888888888889 0.05625 0.13333333333333333
3 0.6566406250000001 0.6395833333333334 0.15859375 0.5347222222222222
3 0.6414062500000001 0.40694444444444444 0.125 0.23611111111111113
