1 0.58515625 0.7270833333333334 0.15781250000000002 0.3041666666666667
8 0.20546875 0.28402777777777777 0.06875 0.10694444444444445
0 0.18476562500000002 0.5368055555555555 0.04296875 0.06527777777777778
6 0.6746093750000001 0.3506944444444445 0.05390625 0.13472222222222222
4 0.459765625 0.7993055555555556 0.03515625 0.1902777777777778
5 0.2921875 0.8319444444444445 0.1046875 0.17777777777777778
7 0.6218750000000001 0.5659722222222222 0.029687500000000002 0.10694444444444445
7 0.6953125 0.5597222222222222 0.05 0.10833333333333334
3 0.20078125000000002 0.6020833333333333 0.09531250000000001 0.7513888888888889
3 0.6734375 0.5659722222222222 0.12187500000000001 0.576388888888889
