1 0.69921875 0.851388888888889 0.1875 0.08055555555555556
8 0.65546875 0.32222222222222224 0.045312500000000006 0.08888888888888889
0 0.6156250000000001 0.5013888888888889 0.026562500000000003 0.044444444444444446
6 0.46796875000000004 0.36458333333333337 0.060937500000000006 0.1375
4 0.46992187500000004 0.8159722222222222 0.02734375 0.1902777777777778
5 0.2921875 0.8368055555555556 0.1046875 0.17916666666666667
7 0.43867187500000004 0.6111111111111112 0.04453125 0.13055555555555556
7 0.47890625000000003 0.5493055555555556 0.0203125 0.10694444444444445
3 0.6546875000000001 0.5583333333333333 0.1125 0.5527777777777778
3 0.43593750000000003 0.5875 0.11875000000000001 0.5777777777777778
