1 0.5984375000000001 0.7597222222222223 0.1921875 0.2388888888888889
8 0.2109375 0.29375 0.065625 0.10694444444444445
0 0.18710937500000002 0.5326388888888889 0.041406250000000006 0.07083333333333333
6 0.71796875 0.42708333333333337 0.060937500000000006 0.12916666666666668
4 0.4625 0.7965277777777778 0.043750000000000004 0.1902777777777778
5 0.290625 0.8347222222222223 0.1015625 0.17500000000000002
7 0.67109375 0.6465277777777778 0.03125 0.10416666666666667
7 0.77734375 0.6277777777777778 0.028125 0.1277777777777778
3 0.2 0.6069444444444445 0.10625000000000001 0.7444444444444445
3 0.724609375 0.6118055555555556 0.12578125 0.48750000000000004
