1 0.597265625 0.7291666666666667 0.16953125000000002 0.3055555555555556
8 0.20859375000000002 0.2826388888888889 0.06875 0.10694444444444445
0 0.18476562500000002 0.5361111111111111 0.03671875 0.075
6 0.7019531250000001 0.36597222222222225 0.08359375000000001 0.14027777777777778
4 0.46015625000000004 0.7979166666666667 0.040625 0.1902777777777778
5 0.292578125 0.8368055555555556 0.10234375000000001 0.1763888888888889
7 0.649609375 0.5750000000000001 0.030468750000000003 0.10277777777777779
7 0.753515625 0.5597222222222222 0.03515625 0.09722222222222222
3 0.201171875 0.6027777777777777 0.09765625 0.7472222222222222
3 0.7039062500000001 0.5701388888888889 0.134375 0.5458333333333334
