1 0.6980468750000001 0.8611111111111112 0.18984375 0.1
8 0.659375 0.3180555555555556 0.05 0.08333333333333334
0 0.615234375 0.49444444444444446 0.02734375 0.044444444444444446
6 0.429296875 0.3375 0.06171875 0.13333333333333333
4 0.46796875000000004 0.8118055555555556 0.035937500000000004 0.1902777777777778
5 0.28984375 0.8333333333333334 0.1015625 0.17777777777777778
7 0.404296875 0.5659722222222222 0.06640625 0.11527777777777778
7 0.47304687500000003 0.5569444444444445 0.04296875 0.11388888888888889
3 0.65546875 0.5611111111111111 0.1125 0.5583333333333333
3 0.42890625000000004 0.5708333333333333 0.1296875 0.6138888888888889
