1 0.700390625 0.8590277777777778 0.19609375 0.10138888888888889
8 0.6578125 0.3215277777777778 0.05 0.08472222222222223
0 0.6136718750000001 0.49722222222222223 0.02734375 0.044444444444444446
6 0.45234375000000004 0.3479166666666667 0.0625 0.12916666666666668
4 0.46875 0.8173611111111111 0.034375 0.17916666666666667
5 0.294921875 0.8347222222222223 0.10390625 0.17777777777777778
7 0.42578125 0.5861111111111111 0.053125000000000006 0.125
7 0.47695312500000003 0.5569444444444445 0.02734375 0.11388888888888889
3 0.6546875000000001 0.5597222222222222 0.11093750000000001 0.5611111111111111
3 0.43789062500000003 0.5854166666666667 0.11328125 0.6125
