1 0.5859375 0.725 0.1421875 0.3027777777777778
8 0.207421875 0.2847222222222222 0.06796875000000001 0.1
0 0.18671875000000002 0.5340277777777778 0.040625 0.07083333333333333
6 0.6746093750000001 0.3451388888888889 0.055468750000000004 0.13472222222222222
4 0.45390625 0.8 0.03125 0.18888888888888888
5 0.29140625000000003 0.8375 0.1 0.18055555555555555
7 0.6199218750000001 0.5680555555555555 0.02421875 0.11111111111111112
7 0.6875 0.5541666666666667 0.0546875 0.08888888888888889
3 0.203125 0.6041666666666667 0.0921875 0.7444444444444445
3 0.6703125000000001 0.5659722222222222 0.1203125 0.5736111111111112
