1 0.7019531250000001 0.8583333333333334 0.19765625 0.10277777777777779
8 0.6566406250000001 0.3201388888888889 0.055468750000000004 0.09027777777777778
0 0.6136718750000001 0.4930555555555556 0.02421875 0.05
6 0.417578125 0.32708333333333334 0.06796875000000001 0.14583333333333334
4 0.471484375 0.8131944444444444 0.030468750000000003 0.18472222222222223
5 0.29453125 0.8375 0.1046875 0.18055555555555555
7 0.380859375 0.5722222222222223 0.057031250000000006 0.125
7 0.46875 0.5402777777777777 0.035937500000000004 0.11111111111111112
3 0.42031250000000003 0.5680555555555555 0.1375 0.6194444444444445
3 0.6589843750000001 0.5611111111111111 0.11796875000000001 0.5722222222222223
