1 0.587890625 0.7291666666666667 0.15078125 0.3138888888888889
8 0.207421875 0.2868055555555556 0.07265625 0.10138888888888889
0 0.18476562500000002 0.5375 0.04296875 0.07222222222222223
6 0.679296875 0.3506944444444445 0.06015625 0.13472222222222222
4 0.46015625000000004 0.7979166666666667 0.035937500000000004 0.1875
5 0.292578125 0.8326388888888889 0.09921875000000001 0.1763888888888889
7 0.6234375000000001 0.5673611111111111 0.026562500000000003 0.1125
7 0.7015625000000001 0.5576388888888889 0.0546875 0.10416666666666667
3 0.20429687500000002 0.6062500000000001 0.09296875 0.7430555555555556
3 0.6746093750000001 0.5694444444444444 0.12109375 0.5722222222222223
