1 0.8910156250000001 0.8555555555555556 0.17578125 0.08611111111111111
8 0.816015625 0.4534722222222222 0.04453125 0.09861111111111112
0 0.7996093750000001 0.6375000000000001 0.02734375 0.05555555555555556
6 0.377734375 0.3680555555555556 0.06171875 0.14444444444444446
4 0.401953125 0.8166666666666667 0.03359375 0.16944444444444445
5 0.75546875 0.8388888888888889 0.1015625 0.17500000000000002
7 0.37148437500000003 0.6583333333333333 0.047656250000000004 0.11944444444444445
7 0.43515625 0.5493055555555556 0.034375 0.11805555555555557
3 0.4 0.5888888888888889 0.13593750000000002 0.5833333333333334
3 0.8050781250000001 0.6104166666666667 0.10546875 0.41250000000000003
