1 0.7019531250000001 0.8548611111111112 0.19921875 0.1125
8 0.6585937500000001 0.3201388888888889 0.046875 0.07916666666666666
0 0.615234375 0.4965277777777778 0.02421875 0.043055555555555555
6 0.43867187500000004 0.33958333333333335 0.06328125 0.13472222222222222
4 0.46914062500000003 0.8138888888888889 0.03359375 0.18888888888888888
5 0.292578125 0.8375 0.10703125000000001 0.18055555555555555
7 0.413671875 0.5729166666666667 0.06015625 0.11527777777777778
7 0.47421875 0.5597222222222222 0.037500000000000006 0.1277777777777778
3 0.654296875 0.5625 0.11015625000000001 0.5777777777777778
3 0.43203125000000003 0.5729166666666667 0.11875000000000001 0.6069444444444445
