7 0.24453125 0.4979166666666667 0.043750000000000004 0.14305555555555557
8 0.7386718750000001 0.19861111111111113 0.049218750000000006 0.11111111111111112
4 0.23750000000000002 0.6631944444444444 0.037500000000000006 0.20694444444444446
7 0.36484375 0.4618055555555556 0.0328125 0.14583333333333334
6 0.58046875 0.27361111111111114 0.07968750000000001 0.17500000000000002
1 0.44453125000000004 0.7402777777777778 0.171875 0.11388888888888889
5 0.495703125 0.8979166666666667 0.12109375 0.20416666666666666
3 0.30546875 0.49097222222222225 0.15781250000000002 0.7791666666666667
3 0.5859375 0.5583333333333333 0.1421875 0.7472222222222222
3 0.7250000000000001 0.4375 0.11093750000000001 0.5972222222222222
