3 0.25039062500000003 0.5006944444444444 0.15703125 0.6263888888888889
8 0.45429687500000004 0.1527777777777778 0.05859375 0.125
6 0.292578125 0.2743055555555556 0.08828125 0.13472222222222222
3 0.45820312500000004 0.3854166666666667 0.11328125 0.5791666666666667
7 0.316015625 0.44930555555555557 0.041406250000000006 0.15416666666666667
4 0.34687500000000004 0.7680555555555556 0.034375 0.2138888888888889
7 0.388671875 0.4118055555555556 0.03515625 0.14305555555555557
1 0.459765625 0.7416666666666667 0.18984375 0.11111111111111112
5 0.49375 0.8965277777777778 0.12187500000000001 0.20694444444444446
3 0.3375 0.4395833333333333 0.096875 0.6680555555555556
