7 0.567578125 0.41805555555555557 0.11796875000000001 0.6305555555555555
7 0.5417968750000001 0.4104166666666667 0.05859375 0.12916666666666668
8 0.8660156250000001 0.24375000000000002 0.06015625 0.12361111111111112
3 0.065625 0.5125000000000001 0.11875000000000001 0.6888888888888889
3 0.566015625 0.40625 0.12109375 0.6569444444444444
1 0.44921875 0.7416666666666667 0.20468750000000002 0.11666666666666667
4 0.30546875 0.7645833333333334 0.040625 0.22083333333333335
3 0.872265625 0.5131944444444445 0.11171875 0.6652777777777779
5 0.49531250000000004 0.8965277777777778 0.12187500000000001 0.20694444444444446
7 0.5339843750000001 0.33333333333333337 0.02734375 0.09722222222222222
