1 0.45078125 0.7451388888888889 0.2015625 0.11527777777777778
3 0.46523437500000003 0.5347222222222222 0.12734375 0.7527777777777778
4 0.34140625 0.576388888888889 0.037500000000000006 0.18611111111111112
8 0.8031250000000001 0.2625 0.07500000000000001 0.14444444444444446
3 0.79453125 0.5597222222222222 0.125 0.7472222222222222
7 0.340625 0.43680555555555556 0.034375 0.12916666666666668
6 0.475390625 0.25625000000000003 0.07265625 0.2013888888888889
3 0.28046875 0.4256944444444445 0.15937500000000002 0.7180555555555556
5 0.495703125 0.9 0.12265625000000001 0.19722222222222224
7 0.215625 0.4131944444444445 0.029687500000000002 0.12361111111111112
