1 0.595703125 0.7256944444444444 0.16953125000000002 0.3013888888888889
8 0.20703125 0.28611111111111115 0.06875 0.10277777777777779
0 0.18710937500000002 0.5347222222222222 0.03828125 0.07777777777777778
6 0.6996093750000001 0.3576388888888889 0.06171875 0.13194444444444445
4 0.460546875 0.7993055555555556 0.039843750000000004 0.18472222222222223
5 0.290625 0.8368055555555556 0.10312500000000001 0.17916666666666667
7 0.64609375 0.5756944444444445 0.03125 0.10972222222222222
7 0.749609375 0.5597222222222222 0.03359375 0.10833333333333334
3 0.201171875 0.6048611111111112 0.09609375 0.7541666666666667
3 0.7058593750000001 0.5722222222222223 0.14140625 0.55
