1 0.5945312500000001 0.7423611111111111 0.18125000000000002 0.2763888888888889
8 0.208984375 0.29097222222222224 0.06171875 0.11527777777777778
0 0.186328125 0.5347222222222222 0.04296875 0.07777777777777778
6 0.7113281250000001 0.4 0.06796875000000001 0.14722222222222223
4 0.462890625 0.7993055555555556 0.04296875 0.18194444444444446
5 0.294140625 0.8333333333333334 0.10078125 0.17500000000000002
7 0.6585937500000001 0.6055555555555556 0.026562500000000003 0.10833333333333334
7 0.7660156250000001 0.5965277777777778 0.030468750000000003 0.12083333333333333
3 0.20234375000000002 0.6069444444444445 0.096875 0.7527777777777778
3 0.7125 0.5902777777777778 0.1375 0.5111111111111112
