1 0.5906250000000001 0.7236111111111111 0.1546875 0.3138888888888889
8 0.20820312500000002 0.2902777777777778 0.06953125 0.10555555555555556
0 0.1859375 0.5354166666666667 0.0421875 0.07083333333333333
6 0.68359375 0.3513888888888889 0.0625 0.13611111111111113
4 0.459765625 0.7972222222222223 0.03515625 0.18888888888888888
5 0.290234375 0.8305555555555556 0.10703125000000001 0.17777777777777778
7 0.630078125 0.5666666666666667 0.030468750000000003 0.11666666666666667
7 0.7109375 0.5548611111111111 0.053125000000000006 0.10416666666666667
3 0.2015625 0.6083333333333334 0.09843750000000001 0.7444444444444445
3 0.6800781250000001 0.5673611111111111 0.13046875 0.5708333333333333
