1 0.7000000000000001 0.8590277777777778 0.1953125 0.09583333333333334
8 0.6585937500000001 0.31875000000000003 0.05 0.08194444444444444
0 0.615234375 0.49444444444444446 0.02421875 0.05
6 0.424609375 0.33333333333333337 0.06328125 0.13611111111111113
4 0.4703125 0.8118055555555556 0.03125 0.18472222222222223
5 0.2921875 0.8368055555555556 0.1046875 0.1763888888888889
7 0.39179687500000004 0.5645833333333333 0.055468750000000004 0.10972222222222222
7 0.4734375 0.5493055555555556 0.045312500000000006 0.1125
3 0.424609375 0.5743055555555556 0.13515625 0.6152777777777778
3 0.65390625 0.5597222222222222 0.11093750000000001 0.5638888888888889
