1 0.88984375 0.8590277777777778 0.17500000000000002 0.09027777777777778
8 0.8250000000000001 0.46805555555555556 0.05 0.10277777777777779
0 0.801953125 0.6520833333333333 0.02734375 0.05416666666666667
6 0.38125000000000003 0.36041666666666666 0.0765625 0.14583333333333334
4 0.39921875 0.8159722222222222 0.026562500000000003 0.1736111111111111
5 0.75390625 0.8395833333333333 0.09843750000000001 0.1736111111111111
7 0.374609375 0.6597222222222222 0.039843750000000004 0.12222222222222223
7 0.431640625 0.55 0.03671875 0.1277777777777778
3 0.393359375 0.5854166666666667 0.11953125 0.5791666666666667
3 0.80625 0.6145833333333334 0.1015625 0.39861111111111114
