1 0.701171875 0.857638888888889 0.19921875 0.10416666666666667
8 0.657421875 0.31527777777777777 0.05078125 0.08055555555555556
0 0.6156250000000001 0.49375 0.03125 0.043055555555555555
6 0.4421875 0.3388888888888889 0.065625 0.13611111111111113
4 0.46992187500000004 0.8131944444444444 0.030468750000000003 0.18472222222222223
5 0.292578125 0.8361111111111111 0.10078125 0.17500000000000002
7 0.42226562500000003 0.5819444444444445 0.06328125 0.125
7 0.475390625 0.5576388888888889 0.03671875 0.12916666666666668
3 0.655859375 0.5597222222222222 0.11015625000000001 0.5611111111111111
3 0.43515625 0.5743055555555556 0.1234375 0.6041666666666667
