8 0.70703125 0.3354166666666667 0.043750000000000004 0.09027777777777778
0 0.657421875 0.45625000000000004 0.01640625 0.04027777777777778
6 0.60078125 0.3513888888888889 0.0625 0.1388888888888889
4 0.40078125000000003 0.8048611111111111 0.03125 0.19305555555555556
5 0.75390625 0.8402777777777778 0.1015625 0.18333333333333335
7 0.568359375 0.6194444444444445 0.05390625 0.12222222222222223
7 0.6214843750000001 0.5888888888888889 0.03515625 0.11944444444444445
1 0.65625 0.6625 0.09843750000000001 0.29444444444444445
3 0.6882812500000001 0.5652777777777778 0.1046875 0.5444444444444445
3 0.58984375 0.5916666666666667 0.1125 0.6138888888888889
