1 0.698828125 0.8555555555555556 0.18515625000000002 0.08055555555555556
8 0.6589843750000001 0.32708333333333334 0.057031250000000006 0.10138888888888889
0 0.6125 0.4902777777777778 0.026562500000000003 0.03888888888888889
6 0.4140625 0.33194444444444443 0.078125 0.1388888888888889
4 0.46953125 0.8152777777777778 0.03125 0.18333333333333335
5 0.29335937500000003 0.8305555555555556 0.10234375000000001 0.18333333333333335
7 0.373046875 0.5791666666666667 0.05234375 0.11111111111111112
7 0.471484375 0.5430555555555556 0.04453125 0.11111111111111112
3 0.41484375 0.5722222222222223 0.1375 0.6111111111111112
3 0.655859375 0.5576388888888889 0.11640625 0.5652777777777778
