1 0.6644531250000001 0.6652777777777779 0.09453125000000001 0.3111111111111111
8 0.7156250000000001 0.33472222222222225 0.051562500000000004 0.09166666666666667
0 0.671875 0.45625000000000004 0.0171875 0.0375
6 0.58125 0.35000000000000003 0.060937500000000006 0.1388888888888889
4 0.40351562500000004 0.8069444444444445 0.032031250000000004 0.18888888888888888
5 0.757421875 0.8409722222222222 0.10234375000000001 0.18194444444444446
7 0.5515625000000001 0.6131944444444445 0.051562500000000004 0.12916666666666668
7 0.590234375 0.5909722222222222 0.01953125 0.12083333333333333
3 0.5453125 0.5861111111111111 0.12812500000000002 0.6027777777777777
3 0.7039062500000001 0.5638888888888889 0.11406250000000001 0.55
