8 0.7125 0.3298611111111111 0.045312500000000006 0.08750000000000001
0 0.663671875 0.45416666666666666 0.01953125 0.04166666666666667
6 0.59296875 0.3541666666666667 0.06406250000000001 0.1388888888888889
4 0.40156250000000004 0.8020833333333334 0.0390625 0.19305555555555556
5 0.7562500000000001 0.8423611111111111 0.1 0.18194444444444446
7 0.5613281250000001 0.6152777777777778 0.055468750000000004 0.11944444444444445
7 0.6121093750000001 0.5840277777777778 0.03828125 0.11805555555555557
3 0.5769531250000001 0.5875 0.10703125000000001 0.5972222222222222
3 0.692578125 0.5625 0.11171875 0.55
1 0.6585937500000001 0.6652777777777779 0.10312500000000001 0.30833333333333335
