1 0.5964843750000001 0.7256944444444444 0.16796875 0.3041666666666667
8 0.20664062500000002 0.2847222222222222 0.07265625 0.11666666666666667
0 0.18710937500000002 0.5375 0.041406250000000006 0.07777777777777778
6 0.6957031250000001 0.35347222222222224 0.06640625 0.14027777777777778
4 0.46171875 0.7993055555555556 0.043750000000000004 0.1875
5 0.28945312500000003 0.8326388888888889 0.10234375000000001 0.1763888888888889
7 0.6394531250000001 0.5673611111111111 0.02734375 0.09861111111111112
7 0.7453125 0.5569444444444445 0.0328125 0.10833333333333334
3 0.20078125000000002 0.5986111111111111 0.096875 0.7583333333333334
3 0.696484375 0.5680555555555555 0.13515625 0.5583333333333333
