1 0.890234375 0.8569444444444445 0.17109375000000002 0.08333333333333334
8 0.81171875 0.4361111111111111 0.046875 0.09166666666666667
0 0.79296875 0.6180555555555556 0.029687500000000002 0.05
6 0.381640625 0.37083333333333335 0.06953125 0.1527777777777778
4 0.400390625 0.8131944444444444 0.030468750000000003 0.16527777777777777
5 0.755859375 0.8472222222222222 0.09765625 0.18055555555555555
7 0.37109375 0.6583333333333333 0.0484375 0.12222222222222223
7 0.439453125 0.5569444444444445 0.041406250000000006 0.125
3 0.804296875 0.6055555555555556 0.10859375 0.43333333333333335
3 0.405078125 0.5902777777777778 0.14453125 0.5777777777777778
