1 0.5984375000000001 0.7673611111111112 0.1921875 0.2263888888888889
8 0.2109375 0.29097222222222224 0.06406250000000001 0.10416666666666667
0 0.1875 0.5347222222222222 0.0390625 0.06944444444444445
6 0.714453125 0.4486111111111111 0.055468750000000004 0.14444444444444446
4 0.46132812500000003 0.8027777777777778 0.04453125 0.18055555555555555
5 0.28945312500000003 0.8319444444444445 0.10234375000000001 0.17777777777777778
7 0.675390625 0.6618055555555555 0.030468750000000003 0.09305555555555556
7 0.779296875 0.6326388888888889 0.02109375 0.1125
3 0.20273437500000002 0.6111111111111112 0.10546875 0.7416666666666667
3 0.7250000000000001 0.6145833333333334 0.1296875 0.46805555555555556
