1 0.8914062500000001 0.8590277777777778 0.178125 0.08472222222222223
8 0.83359375 0.5125000000000001 0.045312500000000006 0.09722222222222222
0 0.8132812500000001 0.6951388888888889 0.029687500000000002 0.059722222222222225
6 0.384765625 0.3763888888888889 0.06484375 0.13333333333333333
4 0.401171875 0.8131944444444444 0.032031250000000004 0.17083333333333334
5 0.75390625 0.84375 0.096875 0.1875
7 0.37617187500000004 0.6694444444444445 0.03828125 0.13055555555555556
7 0.4140625 0.5479166666666667 0.029687500000000002 0.12638888888888888
3 0.8148437500000001 0.6381944444444445 0.10312500000000001 0.3375
3 0.37812500000000004 0.5951388888888889 0.1 0.5625
