1 0.662109375 0.6659722222222223 0.09765625 0.30694444444444446
8 0.714453125 0.33611111111111114 0.049218750000000006 0.09166666666666667
0 0.6648437500000001 0.45416666666666666 0.021875000000000002 0.04166666666666667
6 0.587109375 0.34861111111111115 0.06328125 0.13333333333333333
4 0.404296875 0.8020833333333334 0.03671875 0.1902777777777778
5 0.7585937500000001 0.8444444444444444 0.1078125 0.18055555555555555
7 0.5574218750000001 0.6145833333333334 0.05390625 0.11805555555555557
7 0.598828125 0.5875 0.030468750000000003 0.11944444444444445
3 0.5593750000000001 0.5819444444444445 0.11093750000000001 0.5944444444444444
3 0.700390625 0.5652777777777778 0.11328125 0.5555555555555556
1 0.66171875 0.6638888888888889 0.0921875 0.3
