1 0.59375 0.7173611111111111 0.1625 0.32083333333333336
8 0.20664062500000002 0.2888888888888889 0.06796875000000001 0.11666666666666667
0 0.1859375 0.5361111111111111 0.037500000000000006 0.07222222222222223
6 0.6890625 0.34375 0.059375000000000004 0.12916666666666668
4 0.46015625000000004 0.7986111111111112 0.0390625 0.18611111111111112
5 0.28945312500000003 0.8368055555555556 0.10234375000000001 0.1763888888888889
7 0.6359375 0.5638888888888889 0.029687500000000002 0.11666666666666667
7 0.736328125 0.5555555555555556 0.03671875 0.11666666666666667
3 0.2015625 0.607638888888889 0.0921875 0.7541666666666667
3 0.6902343750000001 0.5694444444444444 0.13515625 0.5611111111111111
