1 0.700390625 0.857638888888889 0.19609375 0.1125
8 0.6578125 0.3215277777777778 0.051562500000000004 0.09027777777777778
0 0.6136718750000001 0.4986111111111111 0.02890625 0.05
6 0.435546875 0.3375 0.06484375 0.14166666666666666
4 0.46875 0.8131944444444444 0.0328125 0.18472222222222223
5 0.29335937500000003 0.8305555555555556 0.10078125 0.17222222222222222
7 0.40859375000000003 0.5722222222222223 0.05625 0.11944444444444445
7 0.471484375 0.5513888888888889 0.04609375 0.12222222222222223
3 0.65625 0.5569444444444445 0.11093750000000001 0.5694444444444444
3 0.428515625 0.5722222222222223 0.12734375 0.6138888888888889
