1 0.8894531250000001 0.8569444444444445 0.17421875 0.08611111111111111
8 0.7835937500000001 0.3826388888888889 0.046875 0.10416666666666667
0 0.7601562500000001 0.5652777777777778 0.03125 0.05
6 0.38984375000000004 0.3993055555555556 0.0625 0.14027777777777778
4 0.40234375 0.8145833333333333 0.03125 0.17916666666666667
5 0.7562500000000001 0.8444444444444444 0.096875 0.17777777777777778
7 0.37617187500000004 0.6694444444444445 0.041406250000000006 0.10833333333333334
7 0.46171875 0.5847222222222223 0.045312500000000006 0.1277777777777778
3 0.413671875 0.6090277777777778 0.14921875 0.5513888888888889
3 0.775 0.5486111111111112 0.08125 0.4222222222222222
