1 0.5984375000000001 0.7243055555555555 0.15625 0.3041666666666667
8 0.2078125 0.28750000000000003 0.06875 0.11388888888888889
0 0.18671875000000002 0.5347222222222222 0.037500000000000006 0.07222222222222223
6 0.692578125 0.35208333333333336 0.055468750000000004 0.14027777777777778
4 0.460546875 0.8 0.041406250000000006 0.18888888888888888
5 0.290625 0.8354166666666667 0.1 0.17916666666666667
7 0.63828125 0.5645833333333333 0.028125 0.1125
7 0.744140625 0.5534722222222223 0.03828125 0.1125
3 0.2015625 0.6104166666666667 0.096875 0.7430555555555556
3 0.6937500000000001 0.5673611111111111 0.140625 0.5541666666666667
