1 0.591015625 0.7277777777777779 0.15546875000000002 0.30833333333333335
8 0.20859375000000002 0.2888888888888889 0.06875 0.11388888888888889
0 0.18671875000000002 0.5333333333333333 0.043750000000000004 0.075
6 0.6921875000000001 0.3479166666666667 0.059375000000000004 0.13472222222222222
4 0.458984375 0.7965277777777778 0.039843750000000004 0.1902777777777778
5 0.29453125 0.8361111111111111 0.10312500000000001 0.17222222222222222
7 0.6351562500000001 0.5645833333333333 0.037500000000000006 0.10138888888888889
7 0.7308593750000001 0.5513888888888889 0.041406250000000006 0.10833333333333334
3 0.203515625 0.6020833333333333 0.09609375 0.7513888888888889
3 0.687109375 0.5701388888888889 0.13359375 0.5680555555555555
