1 0.5886718750000001 0.7263888888888889 0.15078125 0.3138888888888889
8 0.20546875 0.2902777777777778 0.0703125 0.11388888888888889
0 0.18359375 0.5368055555555555 0.040625 0.0763888888888889
6 0.6828125 0.3513888888888889 0.060937500000000006 0.13611111111111113
4 0.459765625 0.7986111111111112 0.03515625 0.18611111111111112
5 0.290234375 0.8347222222222223 0.10078125 0.17500000000000002
7 0.6277343750000001 0.56875 0.02890625 0.11527777777777778
7 0.71015625 0.5569444444444445 0.05625 0.10277777777777779
3 0.20039062500000002 0.6083333333333334 0.09765625 0.75
3 0.6800781250000001 0.56875 0.13515625 0.5680555555555555
