1 0.597265625 0.7319444444444445 0.16953125000000002 0.2972222222222222
8 0.20859375000000002 0.28958333333333336 0.0671875 0.12083333333333333
0 0.1859375 0.5340277777777778 0.040625 0.07361111111111111
6 0.7046875 0.3763888888888889 0.0625 0.14722222222222223
4 0.46171875 0.7993055555555556 0.043750000000000004 0.18472222222222223
5 0.2921875 0.8354166666666667 0.1015625 0.1763888888888889
7 0.65234375 0.5805555555555556 0.029687500000000002 0.10555555555555556
7 0.7562500000000001 0.5729166666666667 0.03125 0.1125
3 0.20078125000000002 0.6062500000000001 0.0921875 0.7513888888888889
3 0.703125 0.576388888888889 0.140625 0.5444444444444445
