6 0.40937500000000004 0.33194444444444443 0.0625 0.15555555555555556
8 0.6605468750000001 0.32430555555555557 0.055468750000000004 0.09305555555555556
0 0.61484375 0.49375 0.029687500000000002 0.043055555555555555
1 0.70234375 0.8597222222222223 0.203125 0.1
4 0.46796875000000004 0.8152777777777778 0.035937500000000004 0.18888888888888888
5 0.291796875 0.8395833333333333 0.10234375000000001 0.1763888888888889
7 0.35976562500000003 0.5875 0.041406250000000006 0.13055555555555556
7 0.467578125 0.5368055555555555 0.047656250000000004 0.10416666666666667
3 0.6527343750000001 0.5520833333333334 0.11328125 0.5541666666666667
3 0.41445312500000003 0.5659722222222222 0.14921875 0.6180555555555556
