1 0.702734375 0.8562500000000001 0.19609375 0.10694444444444445
8 0.6589843750000001 0.3201388888888889 0.049218750000000006 0.08472222222222223
0 0.616796875 0.4951388888888889 0.02890625 0.04583333333333334
6 0.44648437500000004 0.3506944444444445 0.06328125 0.14583333333333334
4 0.470703125 0.8111111111111111 0.030468750000000003 0.18611111111111112
5 0.29335937500000003 0.8347222222222223 0.10078125 0.17777777777777778
7 0.423828125 0.5833333333333334 0.06484375 0.125
7 0.47578125000000004 0.5590277777777778 0.029687500000000002 0.13194444444444445
3 0.6566406250000001 0.5611111111111111 0.11015625000000001 0.5638888888888889
3 0.434375 0.5756944444444445 0.1125 0.6041666666666667
