1 0.8921875 0.8569444444444445 0.17343750000000002 0.08333333333333334
8 0.8304687500000001 0.49444444444444446 0.0484375 0.08611111111111111
0 0.8078125 0.675 0.03125 0.05277777777777778
6 0.38398437500000004 0.3666666666666667 0.06015625 0.125
4 0.401171875 0.8145833333333333 0.030468750000000003 0.1763888888888889
5 0.7527343750000001 0.8395833333333333 0.09921875000000001 0.1736111111111111
7 0.37109375 0.6694444444444445 0.046875 0.13055555555555556
7 0.41835937500000003 0.5458333333333334 0.03515625 0.13333333333333333
3 0.813671875 0.6298611111111111 0.10390625 0.3625
3 0.386328125 0.59375 0.10859375 0.5736111111111112
