8 0.7046875 0.33611111111111114 0.045312500000000006 0.09444444444444444
0 0.653515625 0.4548611111111111 0.022656250000000003 0.04583333333333334
6 0.605078125 0.36041666666666666 0.06640625 0.12083333333333333
4 0.40273437500000003 0.8041666666666667 0.032031250000000004 0.19166666666666668
5 0.755078125 0.8444444444444444 0.10078125 0.18055555555555555
7 0.5734375 0.6229166666666667 0.05625 0.12361111111111112
7 0.6328125 0.5854166666666667 0.043750000000000004 0.13194444444444445
1 0.6820312500000001 0.6756944444444445 0.046875 0.3041666666666667
3 0.595703125 0.59375 0.12109375 0.6069444444444445
3 0.68671875 0.5625 0.11093750000000001 0.5416666666666667
