1 0.7015625000000001 0.8583333333333334 0.1953125 0.10555555555555556
8 0.657421875 0.32083333333333336 0.055468750000000004 0.10833333333333334
0 0.6136718750000001 0.4951388888888889 0.02734375 0.04583333333333334
6 0.419921875 0.32916666666666666 0.06640625 0.1388888888888889
4 0.467578125 0.8125 0.032031250000000004 0.18888888888888888
5 0.292578125 0.8333333333333334 0.09921875000000001 0.17222222222222222
7 0.38828125 0.5694444444444444 0.059375000000000004 0.11944444444444445
7 0.468359375 0.5458333333333334 0.04296875 0.11388888888888889
3 0.6546875000000001 0.5625 0.10625000000000001 0.5750000000000001
3 0.42265625 0.5736111111111112 0.140625 0.6111111111111112
