1 0.45351562500000003 0.7409722222222223 0.19140625 0.10138888888888889
3 0.44843750000000004 0.5256944444444445 0.1203125 0.7652777777777778
8 0.7972656250000001 0.2638888888888889 0.06796875000000001 0.14166666666666666
7 0.33906250000000004 0.5284722222222222 0.035937500000000004 0.12361111111111112
4 0.33671875 0.6805555555555556 0.034375 0.21666666666666667
3 0.791015625 0.5638888888888889 0.12421875 0.7333333333333334
6 0.466796875 0.2520833333333333 0.06328125 0.1736111111111111
3 0.27109375 0.5104166666666667 0.16875 0.826388888888889
5 0.494921875 0.8944444444444445 0.12265625000000001 0.20833333333333334
7 0.20039062500000002 0.48958333333333337 0.03671875 0.14583333333333334
