4 0.31367187500000004 0.6409722222222223 0.01640625 0.1875
6 0.839453125 0.1840277777777778 0.07265625 0.1902777777777778
3 0.2609375 0.5368055555555555 0.17343750000000002 0.8847222222222223
3 0.625 0.41111111111111115 0.15000000000000002 0.6166666666666667
8 0.6421875 0.16736111111111113 0.06406250000000001 0.1125
3 0.8503906250000001 0.49583333333333335 0.13828125 0.7861111111111111
1 0.417578125 0.6208333333333333 0.19140625 0.1
5 0.4546875 0.7743055555555556 0.1265625 0.24583333333333335
7 0.6296875000000001 0.3979166666666667 0.028125 0.14305555555555557
7 0.593359375 0.36458333333333337 0.05390625 0.05694444444444444
