7 0.439453125 0.4201388888888889 0.02890625 0.10972222222222222
3 0.390234375 0.4430555555555556 0.13046875 0.5
8 0.58515625 0.1902777777777778 0.065625 0.12222222222222223
7 0.34375 0.45555555555555555 0.0390625 0.14166666666666666
1 0.45546875000000003 0.7416666666666667 0.1859375 0.11666666666666667
3 0.5890625 0.4618055555555556 0.11875000000000001 0.6541666666666667
3 0.219140625 0.46944444444444444 0.13984375000000002 0.6777777777777778
6 0.23164062500000002 0.20902777777777778 0.06796875000000001 0.1763888888888889
5 0.49531250000000004 0.8965277777777778 0.12187500000000001 0.20694444444444446
4 0.347265625 0.7715277777777778 0.03359375 0.22361111111111112
