7 0.6355468750000001 0.17152777777777778 0.08203125 0.2263888888888889
7 0.466796875 0.15069444444444444 0.07890625000000001 0.21805555555555556
3 0.6734375 0.45069444444444445 0.1390625 0.8180555555555555
6 0.6746093750000001 0.14652777777777778 0.07421875 0.20416666666666666
8 0.5546875 0.09305555555555556 0.09375 0.18333333333333335
4 0.304296875 0.6354166666666667 0.03515625 0.22916666666666669
1 0.39609375 0.6166666666666667 0.140625 0.08333333333333334
3 0.926953125 0.5395833333333333 0.13359375 0.8236111111111112
3 0.54296875 0.5006944444444444 0.259375 0.9986111111111111
5 0.431640625 0.7743055555555556 0.08046875 0.24027777777777778
